19 2
0 -0.039419499454715005 -0.9992227494721783 
1 -0.5114505317033602 0.8593127216679327 
2 -0.02883727941640427 -0.9995841191795016 
3 -0.03941949945471508 -0.9992227494721783 
4 0.4531963943054437 0.8914106955767048 
5 -0.5114505317033597 0.8593127216679329 
6 -0.03941949945471456 -0.9992227494721785 
7 -0.5114505317033594 0.8593127216679333 
8 -0.5114505317033612 0.8593127216679322 
9 -0.028837279416403967 -0.9995841191795019 
10 -0.03941949945471489 -0.9992227494721785 
11 -0.6567421265312136 0.754115229417401 
12 0.20281614466964185 0.9792168357730289 
13 0.9810165098566453 0.19392423105090975 
14 -0.7232414315299247 0.6905952734551152 
15 0.9653525965292178 0.26094896890828545 
16 0.9810165098566453 0.19392423105090978 
17 -0.7232414315299247 0.6905952734551152 
18 -0.6567421265312134 0.7541152294174012 
